Q = 3
SystemSize = 32
SamplingNumber = 256
OutputFile = "L032.dat"
ThermalizationLoop = 10000
ObservationLoop = 100000
Temperatures = [0.838722861071817,0.8452332777384837,0.8517436944051504,0.858254111071817,0.8647645277384837,0.8712749444051504,0.877785361071817,0.8842957777384837,0.8908061944051504,0.897316611071817,0.9038270277384837,0.9103374444051504,0.916847861071817,0.9233582777384837,0.9298686944051504,0.936379111071817,0.9428895277384837,0.9493999444051504,0.955910361071817,0.9624207777384837,0.9689311944051504,0.975441611071817,0.9819520277384837,0.9884624444051504,0.994972861071817,1.0014832777384837,1.0079936944051504,1.0145041110718171,1.0210145277384837,1.0275249444051504,1.0340353610718171,1.0405457777384837,1.0470561944051504,1.0535666110718171,1.0600770277384837,1.0665874444051504,1.0730978610718171,1.0796082777384837,1.0861186944051504,1.0926291110718171,1.0991395277384837,1.1056499444051504,1.1121603610718171,1.1186707777384837,1.1251811944051504,1.1316916110718171,1.1382020277384837,1.1447124444051504,1.1512228610718171,1.1577332777384837,1.1642436944051504,1.1707541110718171,1.1772645277384837,1.1837749444051504,1.1902853610718171,1.1967957777384837,1.2033061944051504,1.2098166110718171,1.2163270277384837,1.2228374444051504,1.2293478610718171,1.2358582777384837,1.2423686944051504,1.2488791110718171,1.2553895277384837,1.2618999444051504,1.2684103610718171,1.274920777738484,1.2814311944051504,1.2879416110718171,1.294452027738484,1.3009624444051504]
