Q = 3
SystemSize = 64
SamplingNumber = 256
OutputFile = "L064.dat"
ThermalizationLoop = 10000
ObservationLoop = 100000
Temperatures = [0.9269610983143073,0.9297949217625369,0.9326287452107664,0.935462568658996,0.9382963921072256,0.9411302155554552,0.9439640390036848,0.9467978624519143,0.9496316859001439,0.9524655093483735,0.9552993327966031,0.9581331562448326,0.9609669796930622,0.9638008031412917,0.9666346265895213,0.9694684500377508,0.9723022734859804,0.97513609693421,0.9779699203824396,0.9808037438306692,0.9836375672788987,0.9864713907271283,0.9893052141753579,0.9921390376235875,0.994972861071817,0.9978066845200466,1.000640507968276,1.0034743314165058,1.0063081548647352,1.009141978312965,1.0119758017611944,1.014809625209424,1.0176434486576535,1.0204772721058832,1.0233110955541127,1.0261449190023424,1.0289787424505719,1.0318125658988015,1.034646389347031,1.0374802127952607,1.0403140362434902,1.0431478596917196,1.0459816831399493,1.0488155065881788,1.0516493300364085,1.054483153484638,1.0573169769328676,1.060150800381097,1.0629846238293268,1.0658184472775563,1.068652270725786,1.0714860941740154,1.074319917622245,1.0771537410704746,1.0799875645187043,1.0828213879669337,1.0856552114151632,1.0884890348633929,1.0913228583116223,1.094156681759852,1.0969905052080815,1.0998243286563112,1.1026581521045407,1.1054919755527703,1.1083257990009998,1.1111596224492295,1.113993445897459,1.1168272693456887,1.1196610927939181,1.1224949162421478,1.1253287396903773,1.128162563138607]
