Q = 3
SystemSize = 128
SamplingNumber = 256
OutputFile = "L128.dat"
ThermalizationLoop = 10000
ObservationLoop = 100000
Temperatures = [0.9653690218821608,0.9666025151817298,0.9678360084812988,0.9690695017808678,0.9703029950804368,0.9715364883800058,0.9727699816795748,0.9740034749791439,0.9752369682787129,0.9764704615782819,0.9777039548778509,0.9789374481774199,0.9801709414769889,0.9814044347765579,0.9826379280761269,0.9838714213756959,0.985104914675265,0.986338407974834,0.987571901274403,0.988805394573972,0.990038887873541,0.99127238117311,0.992505874472679,0.993739367772248,0.994972861071817,0.996206354371386,0.9974398476709551,0.9986733409705241,0.9999068342700931,1.001140327569662,1.002373820869231,1.0036073141688,1.004840807468369,1.006074300767938,1.007307794067507,1.008541287367076,1.009774780666645,1.011008273966214,1.012241767265783,1.013475260565352,1.014708753864921,1.01594224716449,1.0171757404640591,1.0184092337636281,1.0196427270631971,1.0208762203627662,1.0221097136623352,1.0233432069619042,1.0245767002614732,1.0258101935610422,1.0270436868606112,1.0282771801601802,1.0295106734597492,1.0307441667593182,1.0319776600588872,1.0332111533584563,1.0344446466580253,1.0356781399575943,1.0369116332571633,1.0381451265567323,1.0393786198563013,1.0406121131558703,1.0418456064554393,1.0430790997550083,1.0443125930545774,1.0455460863541464,1.0467795796537154,1.0480130729532844,1.0492465662528534,1.0504800595524224,1.0517135528519914,1.0529470461515604]
