Q = 3
SystemSize = 256
SamplingNumber = 256
OutputFile = "L256.dat"
ThermalizationLoop = 10000
ObservationLoop = 100000
Temperatures = [0.9820870416306755,0.9826239507740564,0.9831608599174373,0.9836977690608182,0.9842346782041991,0.98477158734758,0.9853084964909609,0.9858454056343418,0.9863823147777226,0.9869192239211035,0.9874561330644844,0.9879930422078653,0.9885299513512462,0.9890668604946272,0.9896037696380081,0.990140678781389,0.9906775879247699,0.9912144970681508,0.9917514062115317,0.9922883153549126,0.9928252244982935,0.9933621336416744,0.9938990427850553,0.9944359519284361,0.994972861071817,0.9955097702151979,0.9960466793585788,0.9965835885019597,0.9971204976453406,0.9976574067887215,0.9981943159321024,0.9987312250754833,0.9992681342188643,0.9998050433622452,1.000341952505626,1.000878861649007,1.0014157707923879,1.0019526799357688,1.0024895890791496,1.0030264982225305,1.0035634073659114,1.0041003165092923,1.0046372256526732,1.005174134796054,1.005711043939435,1.006247953082816,1.0067848622261968,1.0073217713695777,1.0078586805129586,1.0083955896563395,1.0089324987997204,1.0094694079431012,1.0100063170864821,1.010543226229863,1.011080135373244,1.0116170445166248,1.0121539536600057,1.0126908628033868,1.0132277719467677,1.0137646810901486,1.0143015902335295,1.0148384993769104,1.0153754085202913,1.0159123176636722,1.016449226807053,1.016986135950434,1.0175230450938149,1.0180599542371958,1.0185968633805766,1.0191337725239575,1.0196706816673384,1.0202075908107193]
