Q = 3
SystemSize = 384
SamplingNumber = 256
OutputFile = "L384.dat"
ThermalizationLoop = 10000
ObservationLoop = 100000
Temperatures = [0.9870514503700826,0.9873815091493215,0.9877115679285604,0.9880416267077994,0.9883716854870384,0.9887017442662772,0.9890318030455162,0.9893618618247552,0.989691920603994,0.990021979383233,0.990352038162472,0.9906820969417108,0.9910121557209498,0.9913422145001888,0.9916722732794276,0.9920023320586666,0.9923323908379056,0.9926624496171444,0.9929925083963834,0.9933225671756224,0.9936526259548613,0.9939826847341002,0.9943127435133392,0.9946428022925781,0.994972861071817,0.995302919851056,0.9956329786302949,0.9959630374095338,0.9962930961887728,0.9966231549680117,0.9969532137472507,0.9972832725264896,0.9976133313057285,0.9979433900849675,0.9982734488642063,0.9986035076434453,0.9989335664226843,0.9992636252019231,0.9995936839811621,0.9999237427604011,1.00025380153964,1.0005838603188788,1.0009139190981178,1.0012439778773568,1.0015740366565957,1.0019040954358347,1.0022341542150737,1.0025642129943124,1.0028942717735514,1.0032243305527904,1.0035543893320293,1.0038844481112683,1.0042145068905073,1.004544565669746,1.004874624448985,1.005204683228224,1.005534742007463,1.005864800786702,1.0061948595659407,1.0065249183451797,1.0068549771244186,1.0071850359036576,1.0075150946828966,1.0078451534621355,1.0081752122413743,1.0085052710206133,1.0088353297998522,1.0091653885790912,1.0094954473583302,1.0098255061375692,1.010155564916808,1.0104856236960469]
