Q = 3
SystemSize = 512
SamplingNumber = 256
OutputFile = "L512.dat"
ThermalizationLoop = 10000
ObservationLoop = 100000
Temperatures = [0.9893639823853081,0.9895976856639126,0.9898313889425172,0.9900650922211217,0.9902987954997262,0.9905324987783308,0.9907662020569353,0.9909999053355398,0.9912336086141444,0.991467311892749,0.9917010151713535,0.9919347184499581,0.9921684217285626,0.9924021250071671,0.9926358282857717,0.9928695315643762,0.9931032348429807,0.9933369381215853,0.9935706414001898,0.9938043446787943,0.9940380479573989,0.9942717512360034,0.9945054545146079,0.9947391577932125,0.994972861071817,0.9952065643504215,0.9954402676290262,0.9956739709076307,0.9959076741862352,0.9961413774648398,0.9963750807434443,0.9966087840220488,0.9968424873006534,0.9970761905792579,0.9973098938578625,0.997543597136467,0.9977773004150715,0.9980110036936761,0.9982447069722806,0.9984784102508851,0.9987121135294897,0.9989458168080942,0.9991795200866987,0.9994132233653034,0.9996469266439079,0.9998806299225124,1.0001143332011169,1.0003480364797215,1.000581739758326,1.0008154430369305,1.001049146315535,1.0012828495941397,1.001516552872744,1.0017502561513487,1.0019839594299533,1.0022176627085577,1.0024513659871623,1.002685069265767,1.0029187725443716,1.003152475822976,1.0033861791015806,1.0036198823801852,1.0038535856587896,1.0040872889373942,1.0043209922159988,1.0045546954946032,1.0047883987732078,1.0050221020518124,1.0052558053304168,1.0054895086090214,1.005723211887626,1.0059569151662304]
