Q = 3
SystemSize = 768
SamplingNumber = 256
OutputFile = "L768.dat"
ThermalizationLoop = 10000
ObservationLoop = 100000
Temperatures = [0.9915248667975696,0.9916685332256632,0.9918121996537569,0.9919558660818505,0.9920995325099442,0.9922431989380378,0.9923868653661314,0.9925305317942251,0.9926741982223187,0.9928178646504123,0.992961531078506,0.9931051975065996,0.9932488639346932,0.993392530362787,0.9935361967908806,0.9936798632189743,0.9938235296470679,0.9939671960751615,0.9941108625032552,0.9942545289313488,0.9943981953594425,0.9945418617875361,0.9946855282156297,0.9948291946437234,0.994972861071817,0.9951165274999106,0.9952601939280044,0.995403860356098,0.9955475267841916,0.9956911932122853,0.9958348596403789,0.9959785260684725,0.9961221924965662,0.9962658589246598,0.9964095253527535,0.9965531917808471,0.9966968582089407,0.9968405246370344,0.996984191065128,0.9971278574932216,0.9972715239213154,0.997415190349409,0.9975588567775026,0.9977025232055963,0.9978461896336899,0.9979898560617835,0.9981335224898772,0.9982771889179708,0.9984208553460645,0.9985645217741581,0.9987081882022517,0.9988518546303454,0.998995521058439,0.9991391874865326,0.9992828539146263,0.99942652034272,0.9995701867708136,0.9997138531989073,0.9998575196270009,1.0000011860550946,1.0001448524831882,1.0002885189112818,1.0004321853393754,1.000575851767469,1.0007195181955628,1.0008631846236564,1.00100685105175,1.0011505174798436,1.0012941839079372,1.0014378503360308,1.0015815167641247,1.0017251831922183]
