Q = 2
SystemSize = 32
SamplingNumber = 256
OutputFile = "L032.dat"
ThermalizationLoop = 10000
ObservationLoop = 100000
Temperatures = [0.978342657106511,0.9848530737731777,0.9913634904398444,0.997873907106511,1.0043843237731778,1.0108947404398443,1.017405157106511,1.0239155737731778,1.0304259904398443,1.036936407106511,1.0434468237731778,1.0499572404398443,1.056467657106511,1.0629780737731778,1.0694884904398443,1.075998907106511,1.0825093237731778,1.0890197404398443,1.095530157106511,1.1020405737731778,1.1085509904398443,1.115061407106511,1.1215718237731778,1.1280822404398443,1.134592657106511,1.1411030737731778,1.1476134904398443,1.154123907106511,1.1606343237731778,1.1671447404398443,1.173655157106511,1.1801655737731778,1.1866759904398443,1.193186407106511,1.1996968237731778,1.2062072404398443,1.212717657106511,1.2192280737731778,1.2257384904398443,1.232248907106511,1.2387593237731778,1.2452697404398443,1.251780157106511,1.2582905737731778,1.2648009904398443,1.271311407106511,1.2778218237731778,1.2843322404398443,1.290842657106511,1.2973530737731778,1.3038634904398443,1.310373907106511,1.3168843237731778,1.3233947404398443,1.329905157106511,1.3364155737731778,1.3429259904398443,1.349436407106511,1.3559468237731778,1.3624572404398443,1.368967657106511,1.3754780737731778,1.3819884904398443,1.388498907106511,1.3950093237731778,1.4015197404398443,1.408030157106511,1.4145405737731778,1.4210509904398443,1.427561407106511,1.4340718237731778,1.4405822404398443]
