Q = 2
SystemSize = 64
SamplingNumber = 256
OutputFile = "L064.dat"
ThermalizationLoop = 10000
ObservationLoop = 100000
Temperatures = [1.0665808943490014,1.0694147177972309,1.0722485412454605,1.07508236469369,1.0779161881419197,1.0807500115901492,1.0835838350383789,1.0864176584866083,1.089251481934838,1.0920853053830675,1.0949191288312972,1.0977529522795266,1.100586775727756,1.1034205991759858,1.1062544226242153,1.109088246072445,1.1119220695206744,1.114755892968904,1.1175897164171336,1.1204235398653632,1.1232573633135927,1.1260911867618224,1.1289250102100519,1.1317588336582816,1.134592657106511,1.1374264805547405,1.1402603040029702,1.1430941274511996,1.1459279508994293,1.1487617743476588,1.1515955977958885,1.154429421244118,1.1572632446923476,1.1600970681405771,1.1629308915888068,1.1657647150370363,1.168598538485266,1.1714323619334954,1.1742661853817251,1.1771000088299546,1.1799338322781843,1.1827676557264137,1.1856014791746434,1.188435302622873,1.1912691260711026,1.194102949519332,1.1969367729675617,1.1997705964157912,1.202604419864021,1.2054382433122504,1.2082720667604798,1.2111058902087095,1.213939713656939,1.2167735371051687,1.2196073605533981,1.2224411840016278,1.2252750074498573,1.228108830898087,1.2309426543463164,1.2337764777945461,1.2366103012427756,1.2394441246910053,1.2422779481392348,1.2451117715874644,1.247945595035694,1.2507794184839236,1.253613241932153,1.2564470653803828,1.2592808888286122,1.262114712276842,1.2649485357250714,1.2677823591733008]
