Q = 2
SystemSize = 128
SamplingNumber = 256
OutputFile = "L128.dat"
ThermalizationLoop = 10000
ObservationLoop = 100000
Temperatures = [1.1049888179168548,1.1062223112164238,1.1074558045159928,1.1086892978155618,1.1099227911151308,1.1111562844146998,1.1123897777142688,1.1136232710138378,1.1148567643134069,1.1160902576129759,1.1173237509125449,1.1185572442121139,1.119790737511683,1.121024230811252,1.122257724110821,1.12349121741039,1.124724710709959,1.125958204009528,1.127191697309097,1.128425190608666,1.129658683908235,1.130892177207804,1.132125670507373,1.133359163806942,1.134592657106511,1.13582615040608,1.137059643705649,1.138293137005218,1.139526630304787,1.140760123604356,1.141993616903925,1.143227110203494,1.1444606035030631,1.1456940968026321,1.1469275901022011,1.1481610834017701,1.1493945767013392,1.1506280700009082,1.1518615633004772,1.1530950566000462,1.1543285498996152,1.1555620431991842,1.1567955364987532,1.1580290297983222,1.1592625230978912,1.1604960163974603,1.1617295096970293,1.1629630029965983,1.1641964962961673,1.1654299895957363,1.1666634828953053,1.1678969761948743,1.1691304694944433,1.1703639627940123,1.1715974560935813,1.1728309493931504,1.1740644426927194,1.1752979359922884,1.1765314292918574,1.1777649225914264,1.1789984158909954,1.1802319091905644,1.1814654024901334,1.1826988957897024,1.1839323890892715,1.1851658823888405,1.1863993756884095,1.1876328689879785,1.1888663622875475,1.1900998555871165,1.1913333488866855,1.1925668421862545]
