Q = 2
SystemSize = 256
SamplingNumber = 256
OutputFile = "L256.dat"
ThermalizationLoop = 10000
ObservationLoop = 100000
Temperatures = [1.1217068376653694,1.1222437468087503,1.1227806559521312,1.123317565095512,1.123854474238893,1.1243913833822738,1.1249282925256547,1.1254652016690356,1.1260021108124165,1.1265390199557974,1.1270759290991783,1.1276128382425592,1.1281497473859403,1.1286866565293212,1.129223565672702,1.129760474816083,1.1302973839594639,1.1308342931028448,1.1313712022462257,1.1319081113896066,1.1324450205329875,1.1329819296763683,1.1335188388197492,1.1340557479631301,1.134592657106511,1.135129566249892,1.1356664753932728,1.1362033845366537,1.1367402936800346,1.1372772028234155,1.1378141119667964,1.1383510211101773,1.1388879302535582,1.139424839396939,1.13996174854032,1.1404986576837008,1.1410355668270817,1.1415724759704626,1.1421093851138435,1.1426462942572244,1.1431832034006053,1.1437201125439862,1.144257021687367,1.144793930830748,1.1453308399741289,1.1458677491175098,1.1464046582608907,1.1469415674042716,1.1474784765476524,1.1480153856910336,1.1485522948344145,1.1490892039777953,1.1496261131211762,1.1501630222645571,1.150699931407938,1.151236840551319,1.1517737496946998,1.1523106588380807,1.1528475679814616,1.1533844771248425,1.1539213862682234,1.1544582954116043,1.1549952045549852,1.155532113698366,1.156069022841747,1.1566059319851278,1.1571428411285087,1.1576797502718896,1.1582166594152705,1.1587535685586514,1.1592904777020323,1.1598273868454132]
