Q = 2
SystemSize = 384
SamplingNumber = 256
OutputFile = "L384.dat"
ThermalizationLoop = 10000
ObservationLoop = 100000
Temperatures = [1.1266712464047766,1.1270013051840155,1.1273313639632545,1.1276614227424933,1.1279914815217322,1.1283215403009712,1.1286515990802102,1.1289816578594492,1.1293117166386881,1.129641775417927,1.1299718341971658,1.1303018929764048,1.1306319517556438,1.1309620105348828,1.1312920693141217,1.1316221280933605,1.1319521868725995,1.1322822456518384,1.1326123044310774,1.1329423632103164,1.1332724219895554,1.1336024807687943,1.133932539548033,1.134262598327272,1.134592657106511,1.13492271588575,1.135252774664989,1.1355828334442277,1.1359128922234667,1.1362429510027057,1.1365730097819446,1.1369030685611836,1.1372331273404226,1.1375631861196616,1.1378932448989003,1.1382233036781393,1.1385533624573783,1.1388834212366172,1.1392134800158562,1.139543538795095,1.139873597574334,1.140203656353573,1.1405337151328119,1.1408637739120508,1.1411938326912898,1.1415238914705288,1.1418539502497675,1.1421840090290065,1.1425140678082455,1.1428441265874845,1.1431741853667234,1.1435042441459622,1.1438343029252012,1.1441643617044401,1.144494420483679,1.144824479262918,1.145154538042157,1.145484596821396,1.1458146556006348,1.1461447143798738,1.1464747731591127,1.1468048319383517,1.1471348907175907,1.1474649494968294,1.1477950082760684,1.1481250670553074,1.1484551258345463,1.1487851846137853,1.1491152433930243,1.1494453021722633,1.149775360951502,1.150105419730741]
