Q = 2
SystemSize = 512
SamplingNumber = 256
OutputFile = "L512.dat"
ThermalizationLoop = 10000
ObservationLoop = 100000
Temperatures = [1.128983778420002,1.1292174816986067,1.129451184977211,1.1296848882558157,1.1299185915344203,1.1301522948130247,1.1303859980916293,1.130619701370234,1.1308534046488383,1.131087107927443,1.1313208112060475,1.131554514484652,1.1317882177632566,1.1320219210418612,1.1322556243204656,1.1324893275990702,1.1327230308776748,1.1329567341562792,1.1331904374348838,1.1334241407134884,1.1336578439920928,1.1338915472706974,1.134125250549302,1.1343589538279064,1.134592657106511,1.1348263603851156,1.13506006366372,1.1352937669423246,1.1355274702209293,1.1357611734995336,1.1359948767781383,1.1362285800567429,1.1364622833353473,1.1366959866139519,1.1369296898925565,1.1371633931711609,1.1373970964497655,1.1376307997283701,1.1378645030069745,1.1380982062855791,1.1383319095641837,1.1385656128427881,1.1387993161213927,1.1390330193999973,1.1392667226786017,1.1395004259572064,1.139734129235811,1.1399678325144154,1.14020153579302,1.1404352390716246,1.140668942350229,1.1409026456288336,1.1411363489074382,1.1413700521860426,1.1416037554646472,1.1418374587432518,1.1420711620218562,1.1423048653004608,1.1425385685790654,1.1427722718576698,1.1430059751362744,1.143239678414879,1.1434733816934834,1.143707084972088,1.1439407882506927,1.144174491529297,1.1444081948079017,1.1446418980865063,1.1448756013651107,1.1451093046437153,1.14534300792232,1.1455767112009243]
