Q = 2
SystemSize = 768
SamplingNumber = 256
OutputFile = "L768.dat"
ThermalizationLoop = 10000
ObservationLoop = 100000
Temperatures = [1.1311446628322637,1.1312883292603573,1.1314319956884509,1.1315756621165445,1.1317193285446383,1.131862994972732,1.1320066614008255,1.1321503278289191,1.1322939942570127,1.1324376606851065,1.1325813271132001,1.1327249935412937,1.1328686599693873,1.133012326397481,1.1331559928255746,1.1332996592536682,1.133443325681762,1.1335869921098556,1.1337306585379492,1.1338743249660428,1.1340179913941364,1.1341616578222302,1.1343053242503238,1.1344489906784174,1.134592657106511,1.1347363235346046,1.1348799899626982,1.135023656390792,1.1351673228188857,1.1353109892469793,1.1354546556750729,1.1355983221031665,1.1357419885312603,1.135885654959354,1.1360293213874475,1.136172987815541,1.1363166542436347,1.1364603206717283,1.1366039870998221,1.1367476535279157,1.1368913199560093,1.137034986384103,1.1371786528121965,1.1373223192402904,1.137465985668384,1.1376096520964776,1.1377533185245712,1.1378969849526648,1.1380406513807584,1.1381843178088522,1.1383279842369458,1.1384716506650394,1.138615317093133,1.1387589835212266,1.1389026499493204,1.139046316377414,1.1391899828055077,1.1393336492336013,1.1394773156616949,1.1396209820897887,1.1397646485178823,1.1399083149459759,1.1400519813740695,1.140195647802163,1.140339314230257,1.1404829806583505,1.1406266470864441,1.1407703135145377,1.1409139799426313,1.141057646370725,1.1412013127988188,1.1413449792269124]
