Q = 2
SystemSize = 896
SamplingNumber = 256
OutputFile = "L896.dat"
ThermalizationLoop = 10000
ObservationLoop = 100000
Temperatures = [1.1317269593188732,1.1318463633933582,1.1319657674678432,1.132085171542328,1.1322045756168129,1.1323239796912978,1.1324433837657826,1.1325627878402675,1.1326821919147525,1.1328015959892375,1.1329210000637224,1.1330404041382072,1.1331598082126921,1.133279212287177,1.1333986163616618,1.1335180204361468,1.1336374245106318,1.1337568285851167,1.1338762326596017,1.1339956367340864,1.1341150408085714,1.1342344448830564,1.134353848957541,1.134473253032026,1.134592657106511,1.134712061180996,1.1348314652554807,1.1349508693299657,1.1350702734044507,1.1351896774789356,1.1353090815534204,1.1354284856279053,1.1355478897023903,1.1356672937768753,1.13578669785136,1.135906101925845,1.13602550600033,1.1361449100748147,1.1362643141492996,1.1363837182237846,1.1365031222982696,1.1366225263727543,1.1367419304472393,1.1368613345217242,1.1369807385962092,1.137100142670694,1.1372195467451789,1.1373389508196639,1.1374583548941488,1.1375777589686336,1.1376971630431185,1.1378165671176035,1.1379359711920882,1.1380553752665732,1.1381747793410582,1.1382941834155431,1.1384135874900279,1.1385329915645128,1.1386523956389978,1.1387717997134827,1.1388912037879675,1.1390106078624525,1.1391300119369374,1.1392494160114222,1.1393688200859071,1.139488224160392,1.139607628234877,1.1397270323093618,1.1398464363838468,1.1399658404583317,1.1400852445328167,1.1402046486073014]
